 RM48 INITIALIZED:        40           0         0



 INPUT PARAMETERS FOR VEGAS:  NDIM=  3  NCALL=  850518016.
                              IT=    0  ITMX=   40
                              MDS= -1   ND=  47
   1     -0.3982981E-11 0.9936E-17 -0.3982981E-11 0.9936E-17  0.000    
   2     -0.3982969E-11 0.9931E-17 -0.3982975E-11 0.7024E-17 0.7490    
   3     -0.3982963E-11 0.9860E-17 -0.3982971E-11 0.5721E-17 0.8382    
   4     -0.3982968E-11 0.9798E-17 -0.3982970E-11 0.4940E-17 0.5790    
   5     -0.3982951E-11 0.9748E-17 -0.3982966E-11 0.4407E-17  1.171    
   6     -0.3982976E-11 0.9715E-17 -0.3982968E-11 0.4013E-17  1.107    
   7     -0.3982966E-11 0.9659E-17 -0.3982968E-11 0.3706E-17 0.9264    
   8     -0.3982972E-11 0.9634E-17 -0.3982968E-11 0.3459E-17 0.8241    
   9     -0.3982960E-11 0.9620E-17 -0.3982967E-11 0.3255E-17 0.7989    
  10     -0.3982959E-11 0.9611E-17 -0.3982966E-11 0.3083E-17 0.7924    
  11     -0.3982946E-11 0.9622E-17 -0.3982965E-11 0.2936E-17  1.106    
  12     -0.3982977E-11 0.9612E-17 -0.3982966E-11 0.2808E-17  1.136    
  13     -0.3982976E-11 0.9617E-17 -0.3982966E-11 0.2695E-17  1.124    
  14     -0.3982956E-11 0.9655E-17 -0.3982966E-11 0.2596E-17  1.118    
  15     -0.3982964E-11 0.9677E-17 -0.3982966E-11 0.2507E-17  1.040    
  16     -0.3982942E-11 0.9787E-17 -0.3982964E-11 0.2429E-17  1.331    
  17     -0.3982980E-11 0.9872E-17 -0.3982965E-11 0.2359E-17  1.407    
  18     -0.3982958E-11 0.9943E-17 -0.3982965E-11 0.2295E-17  1.350    
  19     -0.3982972E-11 0.1009E-16 -0.3982965E-11 0.2238E-17  1.300    
  20     -0.3982978E-11 0.1029E-16 -0.3982966E-11 0.2187E-17  1.307    
  21     -0.3982968E-11 0.1037E-16 -0.3982966E-11 0.2140E-17  1.244    
  22     -0.3982974E-11 0.1051E-16 -0.3982966E-11 0.2097E-17  1.215    
  23     -0.3982972E-11 0.1091E-16 -0.3982966E-11 0.2059E-17  1.172    
  24     -0.3982970E-11 0.1122E-16 -0.3982966E-11 0.2025E-17  1.125    
  25     -0.3982954E-11 0.1141E-16 -0.3982966E-11 0.1994E-17  1.126    
  26     -0.3982956E-11 0.1103E-16 -0.3982966E-11 0.1962E-17  1.112    
  27     -0.3982968E-11 0.1067E-16 -0.3982966E-11 0.1930E-17  1.071    
  28     -0.3982979E-11 0.1068E-16 -0.3982966E-11 0.1899E-17  1.087    
  29     -0.3982958E-11 0.1051E-16 -0.3982966E-11 0.1869E-17  1.067    
  30     -0.3982970E-11 0.1046E-16 -0.3982966E-11 0.1840E-17  1.036    
  31     -0.3982976E-11 0.1047E-16 -0.3982966E-11 0.1812E-17  1.031    
  32     -0.3982974E-11 0.1048E-16 -0.3982967E-11 0.1785E-17  1.016    
  33     -0.3982961E-11 0.1056E-16 -0.3982966E-11 0.1760E-17 0.9923    
  34     -0.3982959E-11 0.1065E-16 -0.3982966E-11 0.1737E-17 0.9753    
  35     -0.3982952E-11 0.1076E-16 -0.3982966E-11 0.1715E-17 0.9941    
  36     -0.3982966E-11 0.1093E-16 -0.3982966E-11 0.1694E-17 0.9657    
  37     -0.3982956E-11 0.1110E-16 -0.3982966E-11 0.1675E-17 0.9587    
  38     -0.3982971E-11 0.1123E-16 -0.3982966E-11 0.1656E-17 0.9388    
  39     -0.3982956E-11 0.1153E-16 -0.3982966E-11 0.1639E-17 0.9337    
  40     -0.3982953E-11 0.1174E-16 -0.3982965E-11 0.1624E-17 0.9410    



 INPUT PARAMETERS FOR VEGAS:  NDIM=  3  NCALL=  406594944.
                              IT=    0  ITMX=   80
                              MDS= -1   ND=  49
   1     -0.3982965E-11 0.1792E-16 -0.3982965E-11 0.1792E-16  0.000    
   2     -0.3982956E-11 0.1786E-16 -0.3982961E-11 0.1265E-16 0.1245    
   3     -0.3982959E-11 0.1790E-16 -0.3982960E-11 0.1033E-16 0.6497E-01
   4     -0.3982976E-11 0.1789E-16 -0.3982964E-11 0.8948E-17 0.2406    
   5     -0.3982937E-11 0.1788E-16 -0.3982959E-11 0.8002E-17 0.6625    
   6     -0.3982955E-11 0.1786E-16 -0.3982958E-11 0.7302E-17 0.5387    
   7     -0.3982977E-11 0.1789E-16 -0.3982961E-11 0.6761E-17 0.6176    
   8     -0.3982956E-11 0.1788E-16 -0.3982960E-11 0.6323E-17 0.5382    
   9     -0.3982965E-11 0.1787E-16 -0.3982961E-11 0.5961E-17 0.4781    
  10     -0.3982963E-11 0.1786E-16 -0.3982961E-11 0.5654E-17 0.4261    
  11     -0.3982968E-11 0.1787E-16 -0.3982962E-11 0.5391E-17 0.3966    
  12     -0.3982985E-11 0.1788E-16 -0.3982964E-11 0.5161E-17 0.5034    
  13     -0.3982963E-11 0.1785E-16 -0.3982963E-11 0.4958E-17 0.4616    
  14     -0.3982953E-11 0.1786E-16 -0.3982963E-11 0.4778E-17 0.4488    
  15     -0.3982943E-11 0.1785E-16 -0.3982961E-11 0.4615E-17 0.4947    
  16     -0.3982984E-11 0.1784E-16 -0.3982963E-11 0.4468E-17 0.5623    
  17     -0.3982954E-11 0.1785E-16 -0.3982962E-11 0.4334E-17 0.5418    
  18     -0.3982972E-11 0.1787E-16 -0.3982963E-11 0.4212E-17 0.5278    
  19     -0.3982975E-11 0.1787E-16 -0.3982964E-11 0.4100E-17 0.5223    
  20     -0.3982951E-11 0.1789E-16 -0.3982963E-11 0.3996E-17 0.5181    
  21     -0.3982946E-11 0.1787E-16 -0.3982962E-11 0.3900E-17 0.5353    
  22     -0.3982985E-11 0.1780E-16 -0.3982963E-11 0.3810E-17 0.5871    
  23     -0.3982983E-11 0.1786E-16 -0.3982964E-11 0.3726E-17 0.6118    
  24     -0.3982948E-11 0.1790E-16 -0.3982963E-11 0.3648E-17 0.6189    
  25     -0.3982986E-11 0.1786E-16 -0.3982964E-11 0.3574E-17 0.6547    
  26     -0.3982942E-11 0.1788E-16 -0.3982963E-11 0.3505E-17 0.6905    
  27     -0.3982947E-11 0.1788E-16 -0.3982963E-11 0.3439E-17 0.6955    
  28     -0.3982954E-11 0.1785E-16 -0.3982962E-11 0.3377E-17 0.6784    
  29     -0.3982953E-11 0.1788E-16 -0.3982962E-11 0.3318E-17 0.6643    
  30     -0.3982970E-11 0.1782E-16 -0.3982962E-11 0.3262E-17 0.6471    
  31     -0.3982977E-11 0.1789E-16 -0.3982963E-11 0.3209E-17 0.6485    
  32     -0.3982975E-11 0.1790E-16 -0.3982963E-11 0.3159E-17 0.6421    
  33     -0.3982943E-11 0.1790E-16 -0.3982963E-11 0.3111E-17 0.6592    
  34     -0.3982984E-11 0.1789E-16 -0.3982963E-11 0.3065E-17 0.6805    
  35     -0.3982944E-11 0.1787E-16 -0.3982963E-11 0.3021E-17 0.6939    
  36     -0.3982974E-11 0.1788E-16 -0.3982963E-11 0.2979E-17 0.6851    
  37     -0.3982968E-11 0.1788E-16 -0.3982963E-11 0.2938E-17 0.6685    
  38     -0.3982964E-11 0.1789E-16 -0.3982963E-11 0.2899E-17 0.6504    
  39     -0.3982931E-11 0.1790E-16 -0.3982962E-11 0.2862E-17 0.7150    
  40     -0.3982994E-11 0.1789E-16 -0.3982963E-11 0.2826E-17 0.7751    
  41     -0.3982968E-11 0.1786E-16 -0.3982963E-11 0.2791E-17 0.7579    
  42     -0.3982938E-11 0.1789E-16 -0.3982963E-11 0.2758E-17 0.7855    
  43     -0.3982955E-11 0.1790E-16 -0.3982962E-11 0.2726E-17 0.7710    
  44     -0.3982961E-11 0.1785E-16 -0.3982962E-11 0.2695E-17 0.7534    
  45     -0.3982979E-11 0.1787E-16 -0.3982963E-11 0.2664E-17 0.7558    
  46     -0.3982953E-11 0.1790E-16 -0.3982963E-11 0.2635E-17 0.7454    
  47     -0.3982939E-11 0.1791E-16 -0.3982962E-11 0.2607E-17 0.7647    
  48     -0.3982945E-11 0.1787E-16 -0.3982962E-11 0.2580E-17 0.7675    
  49     -0.3982983E-11 0.1786E-16 -0.3982962E-11 0.2553E-17 0.7809    
  50     -0.3982964E-11 0.1787E-16 -0.3982962E-11 0.2528E-17 0.7651    
  51     -0.3982968E-11 0.1786E-16 -0.3982962E-11 0.2503E-17 0.7518    
  52     -0.3982945E-11 0.1784E-16 -0.3982962E-11 0.2479E-17 0.7548    
  53     -0.3982953E-11 0.1789E-16 -0.3982962E-11 0.2455E-17 0.7447    
  54     -0.3982982E-11 0.1788E-16 -0.3982962E-11 0.2432E-17 0.7534    
  55     -0.3982980E-11 0.1786E-16 -0.3982963E-11 0.2410E-17 0.7569    
  56     -0.3982974E-11 0.1785E-16 -0.3982963E-11 0.2388E-17 0.7510    
  57     -0.3982967E-11 0.1787E-16 -0.3982963E-11 0.2367E-17 0.7384    
  58     -0.3982980E-11 0.1789E-16 -0.3982963E-11 0.2347E-17 0.7411    
  59     -0.3982990E-11 0.1786E-16 -0.3982964E-11 0.2327E-17 0.7669    
  60     -0.3982956E-11 0.1786E-16 -0.3982963E-11 0.2307E-17 0.7569    
  61     -0.3982969E-11 0.1784E-16 -0.3982964E-11 0.2288E-17 0.7458    
  62     -0.3982968E-11 0.1784E-16 -0.3982964E-11 0.2270E-17 0.7348    
  63     -0.3982958E-11 0.1788E-16 -0.3982964E-11 0.2252E-17 0.7247    
  64     -0.3982934E-11 0.1789E-16 -0.3982963E-11 0.2234E-17 0.7558    
  65     -0.3982968E-11 0.1788E-16 -0.3982963E-11 0.2217E-17 0.7452    
  66     -0.3982979E-11 0.1786E-16 -0.3982963E-11 0.2200E-17 0.7462    
  67     -0.3982927E-11 0.1785E-16 -0.3982963E-11 0.2183E-17 0.7967    
  68     -0.3982976E-11 0.1790E-16 -0.3982963E-11 0.2167E-17 0.7926    
  69     -0.3982958E-11 0.1783E-16 -0.3982963E-11 0.2151E-17 0.7822    
  70     -0.3982982E-11 0.1786E-16 -0.3982963E-11 0.2136E-17 0.7867    
  71     -0.3982952E-11 0.1790E-16 -0.3982963E-11 0.2121E-17 0.7811    
  72     -0.3982971E-11 0.1789E-16 -0.3982963E-11 0.2106E-17 0.7725    
  73     -0.3982988E-11 0.1785E-16 -0.3982964E-11 0.2092E-17 0.7875    
  74     -0.3982962E-11 0.1787E-16 -0.3982963E-11 0.2078E-17 0.7768    
  75     -0.3982953E-11 0.1784E-16 -0.3982963E-11 0.2064E-17 0.7710    
  76     -0.3982959E-11 0.1786E-16 -0.3982963E-11 0.2050E-17 0.7613    
  77     -0.3982986E-11 0.1790E-16 -0.3982964E-11 0.2037E-17 0.7719    
  78     -0.3982979E-11 0.1786E-16 -0.3982964E-11 0.2024E-17 0.7715    
  79     -0.3982980E-11 0.1789E-16 -0.3982964E-11 0.2011E-17 0.7716    
  80     -0.3983013E-11 0.1785E-16 -0.3982965E-11 0.1998E-17 0.8550    
                    Sig(NLO) :    1.1948894635483932E-011   [Gev]^(-2)
 analytical value sigma(NLO) :    1.1948894426644515E-011  [Gev]^(-2)
  
 Sigma_r + Sigma_v:  -3.9829646000420869E-012  +    1.5931859235526019E-011  [Gev]^(-2)
 0.389379 pb =  1×10^(−9) GeV−2
  
                    Sig(NLO) :    4.6526486442700979E-002   pb 
